Status,Life expectancy,Adult Mortality,Alcohol,BMI,Polio,Diphtheria,HIV/AIDS,GDP,thinness 1-19 years,Schooling
1,54.1,-0.0027700831024930483,-0.4972004479283314,-0.6520584329349269,0.7708333333333333,0.8556701030927834,-0.8534653465346534,-0.997244329840148,-0.42028985507246386,-0.42995169082125606
1,67.6,-0.2936288088642659,-0.4535274356103023,0.4342629482071714,1.0,0.9999999999999998,-0.9683168316831683,-0.9852683338943974,-0.7971014492753623,0.3429951690821256
1,67.8,-0.3905817174515235,-0.7849944008958566,0.3227091633466137,0.8541666666666665,0.8350515463917525,-1.0,-0.9960189935693402,-0.6956521739130435,0.2753623188405796
1,74.4,-0.5927977839335179,-0.5923852183650615,0.1978751660026561,-0.875,0.7731958762886597,-0.9920792079207921,-0.9953532923017637,-0.8985507246376812,0.22705314009661826
1,62.0,-0.20221606648199442,-0.9462486002239641,-0.2058432934926958,0.7916666666666665,0.7938144329896906,-0.8732673267326733,-0.9796412010530197,-0.5942028985507246,-0.5169082125603865
1,68.7,-0.9307479224376731,-0.7827547592385218,0.4847277556440903,1.0,0.9999999999999998,-1.0,-0.9299162661936353,-0.7173913043478262,0.3816425120772948
0,86.0,-0.8060941828254847,0.25083986562150073,-0.8539176626826028,0.8958333333333333,0.9175257731958761,-1.0,-0.9250897400233716,-0.927536231884058,0.6328502415458936
1,69.7,-0.484764542936288,-0.2877939529675251,0.006640106241699861,-0.875,0.7731958762886597,-0.9762376237623762,-0.9722834882266923,-0.5652173913043479,0.19806763285024154
0,77.1,-0.9695290858725761,0.3012318029115344,-0.8671978751660026,0.9166666666666665,0.9999999999999998,-1.0,-0.9768925818936103,-0.8623188405797102,0.4879227053140096
1,74.6,-0.9695290858725761,-0.8622620380739081,0.3944223107569722,0.9791666666666665,0.9793814432989689,-1.0,-0.9366204713335671,-0.5507246376811594,0.3816425120772948
1,73.3,-0.6038781163434903,-0.07726763717805141,0.1978751660026561,0.9791666666666665,0.9587628865979381,-1.0,-0.8665123125536474,-0.7318840579710145,0.5265700483091789
1,56.7,-0.07202216066481992,-0.8622620380739081,-0.9601593625498007,0.5625,0.5670103092783505,-0.8336633663366337,-0.9916428448413628,-0.46376811594202905,0.02415458937198056
1,61.0,-0.9335180055401662,-0.9518477043673012,-0.694555112881806,0.08333333333333326,0.09278350515463907,-1.0,-0.9921159511289723,-0.13043478260869568,-0.05314009661835739
1,74.0,-0.9612188365650969,-0.8488241881298991,0.32802124833997337,0.958333333333333,0.9587628865979381,-1.0,-0.9477867541288629,-0.5434782608695652,0.31400966183574863
0,81.3,-0.8116343490304709,0.026875699888017968,0.7264276228419657,0.8541666666666665,0.8556701030927834,-1.0,-0.2802245797251358,-0.9855072463768116,0.8647342995169083
0,76.6,-0.6786703601108033,0.03919372900335949,0.35192563081009287,0.875,0.8762886597938144,-1.0,-0.8017418321966439,-0.855072463768116,0.5072463768115942
1,78.0,-0.6371191135734071,-0.7659574468085105,0.21912350597609564,0.6875,0.6288659793814433,-1.0,-0.9917158840554734,-0.8043478260869565,0.12077294685990325
1,53.7,-0.23268698060941828,-0.9888017917133258,-0.6281540504648073,-0.10416666666666674,-0.11340206185567014,-0.9405940594059405,-0.9996022124681866,-0.14492753623188404,-0.6618357487922706
1,78.0,-0.5927977839335179,-0.9999999999999999,0.3652058432934926,0.8958333333333333,0.8969072164948453,-1.0,-0.8801060069949224,-0.5942028985507246,0.4975845410628019
1,78.9,-0.9778393351800554,-0.173572228443449,0.5219123505976098,0.9166666666666665,0.9381443298969072,-1.0,-0.9744032468245105,-0.9420289855072465,0.42995169082125617
1,73.6,-0.5927977839335179,-0.4008958566629338,0.2350597609561753,0.6666666666666665,0.7525773195876289,-1.0,-0.935322277565585,-0.8623188405797102,0.18840579710144922
1,74.1,-0.7368421052631579,-0.9529675251959686,0.4900398406374502,1.0,0.9999999999999998,-1.0,-0.9470872857538628,-0.5434782608695652,0.1690821256038646
1,86.0,-0.7977839335180055,-0.1657334826427771,0.6998671978751663,1.0,0.9999999999999998,-1.0,-0.6329119155706902,-0.9492753623188406,0.6521739130434783
1,72.6,-0.6121883656509695,-0.6808510638297871,0.2217795484727756,0.958333333333333,0.8969072164948453,-1.0,-0.9883737919863413,-0.855072463768116,0.0724637681159419
1,46.6,-0.817174515235457,-0.566629339305711,-0.2881806108897742,0.45833333333333326,0.4639175257731958,-0.0653465346534654,-0.9933655559477738,-0.4130434782608696,-0.07246376811594213
1,68.4,-0.40997229916897504,-0.4949608062709966,-0.3784860557768923,0.5416666666666665,0.3402061855670102,-1.0,-0.9523163259222303,-0.9347826086956522,0.13043478260869557
1,74.8,-0.6454293628808865,-0.4423292273236281,0.35458167330677304,0.958333333333333,0.9587628865979381,-1.0,-0.9887348526149664,-0.8623188405797102,0.10144927536231885
1,55.5,-0.23268698060941828,-0.9372900335946248,-0.5166002656042495,0.4791666666666665,0.48453608247422664,-0.9405940594059405,-0.9884536217064435,-0.3405797101449276,-0.4396135265700484
1,76.0,-1.0,-0.9059350503919372,-0.15537848605577675,0.9166666666666665,0.9999999999999998,-1.0,-0.4517010137086517,-0.5579710144927537,0.3816425120772948
1,72.6,-0.5124653739612188,0.08734602463605845,-0.1288180610889773,1.0,0.9999999999999998,-1.0,-0.7954491601572385,-0.5942028985507246,0.28502415458937214
1,66.5,-0.48199445983379496,-0.9944008958566629,-0.6122177954847277,0.5416666666666665,0.5257731958762886,-1.0,-0.9874751404798799,-0.21014492753623193,0.02415458937198056
1,67.7,-0.30193905817174516,-0.5184770436730123,0.42629482071713154,1.0,0.9999999999999998,-0.9722772277227723,-0.9987067851421474,-0.7971014492753623,0.2753623188405796
0,78.6,-0.7479224376731302,0.38745800671892505,-0.8884462151394422,0.6666666666666665,0.6907216494845361,-1.0,-0.5890268310522533,-0.8840579710144928,0.4975845410628019
1,48.1,0.8033240997229918,-0.4524076147816348,-0.1819389110225762,0.9375,0.9381443298969072,0.12079207920792068,-0.9178508193765091,-0.8985507246376812,0.14009661835748788
0,78.0,-0.9224376731301939,-0.07838745800671876,0.4581673306772909,0.9791666666666665,0.9793814432989689,-1.0,-0.9138502993828147,-0.818840579710145,0.468599033816425
1,73.8,-0.5761772853185596,-0.15901455767077266,0.34395750332005326,1.0,0.9999999999999998,-1.0,-0.8116577395951167,-0.7971014492753623,0.3333333333333335
1,76.8,-0.7479224376731302,-0.48488241881298977,0.40239043824701204,0.75,0.8556701030927834,-1.0,-0.9208701851406577,-0.8260869565217391,0.3429951690821256
0,81.9,-0.8254847645429363,0.09406494960806278,0.6494023904382471,0.958333333333333,0.9587628865979381,-1.0,-0.9373246048848096,-0.963768115942029,0.5845410628019323
0,79.3,-0.9861495844875346,0.20828667413213897,0.4847277556440903,1.0,0.9999999999999998,-1.0,-0.9460584719501001,-0.9420289855072465,0.3623188405797102
1,62.7,-0.2936288088642659,-0.9417693169092944,-0.1394422310756972,0.6458333333333333,0.6494845360824741,-0.9207920792079208,-0.9727961366143907,-0.6014492753623188,-0.39130434782608703
1,73.1,-0.9695290858725761,-0.9944008958566629,0.5405046480743692,0.9375,0.9381443298969072,-1.0,-0.8130889629085281,-0.48550724637681164,0.18840579710144922
1,74.7,-0.96398891966759,-0.5946248600223963,0.2536520584329349,0.9166666666666665,0.9381443298969072,-0.996039603960396,-0.9939912004030507,-0.9057971014492754,0.24637681159420288
1,59.7,-0.31855955678670356,-0.9619260918253079,-0.5298804780876493,0.75,0.7525773195876289,-0.9762376237623762,-0.9877168087917272,-0.16666666666666674,-0.40096618357487923
1,66.8,-0.4681440443213296,-0.6651735722284433,-0.601593625498008,0.5833333333333333,0.6494845360824741,-0.996039603960396,-0.9754975645683281,0.9420289855072463,0.04347826086956519
1,59.3,-0.24653739612188363,-0.8409854423292272,-0.697211155378486,0.0625,0.07216494845360821,-0.9207920792079208,-0.9943275551509956,-0.16666666666666674,-0.20772946859903385
1,77.4,-0.7839335180055401,-0.8924972004479282,-0.04913678618857886,1.0,0.9587628865979381,-1.0,-0.9208601210362058,-0.5797101449275361,0.3623188405797102
1,77.7,-0.9501385041551247,-0.5419932810750279,0.3253652058432934,0.9791666666666665,0.9999999999999998,-1.0,-0.9497754131464557,-0.7536231884057971,0.20772946859903385
1,77.9,-0.8254847645429363,-0.9999999999999999,-0.3705179282868525,1.0,0.9999999999999998,-1.0,-0.8806647457335772,-0.01449275362318847,0.19806763285024154
0,78.0,-1.0,0.23180291153415467,0.5166002656042497,0.9375,0.9175257731958761,-1.0,-0.6119882643873882,-0.9492753623188406,0.758454106280193
1,58.4,-0.28531855955678664,-0.8712206047032474,-0.43957503320053115,-0.8958333333333334,0.5876288659793814,-0.9405940594059405,-0.9867120242614239,-0.4347826086956521,-0.10144927536231874
1,57.4,-0.10249307479224379,-0.8510638297872339,-0.2881806108897742,-0.10416666666666674,-0.09278350515463929,-0.8415841584158417,-0.9871362155525738,-0.5434782608695652,-0.7198067632850242
1,62.3,-0.28531855955678664,-0.9249720044792833,-0.5830013280212483,0.5416666666666665,0.5463917525773194,-0.9841584158415841,-0.9992271294083295,-0.44202898550724645,-0.09178743961352653
1,74.2,-0.5844875346260388,-0.1993281075027994,-0.9282868525896414,1.0,0.9999999999999998,-1.0,-0.8365686405201407,-0.7536231884057971,-1.0
0,86.0,-0.8116343490304709,0.10078387458006732,-0.8539176626826028,0.8541666666666665,0.8556701030927834,-1.0,-0.941752663660215,-0.9565217391304348,1.0
1,79.1,-0.778393351800554,0.05823068309070578,0.5351925630810095,0.875,0.8969072164948453,-1.0,-0.689926447071404,-0.9492753623188406,0.468599033816425
1,71.0,-0.5263157894736842,-0.24972004479283305,0.15803452855245692,0.8958333333333333,0.8556701030927834,-0.9920792079207921,-0.9670028701166937,-0.5869565217391305,0.22705314009661826
1,73.4,-0.628808864265928,-0.9496080627099663,-0.9389110225763612,0.9375,0.9381443298969072,-1.0,-0.9061493348488535,-0.35507246376811596,0.24637681159420288
1,66.7,-0.520775623268698,-0.967525195968645,-0.08366533864541825,0.875,0.8762886597938144,-0.996039603960396,-0.9888452027801017,-0.7391304347826086,0.0724637681159419
1,74.0,-0.5069252077562327,-0.27323628219484875,0.07835325365205859,0.8333333333333333,-0.8556701030927836,-0.9881188118811881,-0.720028262448847,-0.5797101449275361,0.20772946859903385
0,82.4,-0.9861495844875346,0.034714445688689866,0.6998671978751663,0.9375,0.9381443298969072,-1.0,-0.9509905703788676,-0.963768115942029,0.6908212560386473
0,74.2,-0.554016620498615,0.2821948488241883,0.5856573705179284,1.0,0.9999999999999998,-1.0,-0.7824054928933043,-0.8768115942028986,0.4782608695652175
1,39.0,0.47368421052631593,-0.5565509518477043,-0.5803452855245683,-0.10416666666666674,-0.1340206185567011,-0.9564356435643564,-0.9976901535845988,-0.9130434782608696,-0.3526570048309179
1,67.9,-0.4792243767313019,-0.992161254199328,-0.45019920318725093,0.7083333333333333,0.5670103092783505,-0.9920792079207921,-0.9621927622110038,-0.8840579710144928,0.13043478260869557
1,66.1,-0.3601108033240997,-0.9999999999999999,-0.13147410358565725,0.7916666666666665,0.7938144329896906,-0.904950495049505,-0.9079231091628673,-0.35507246376811596,0.12077294685990325
1,55.6,-0.21883656509695293,-0.8633818589025755,-0.5272244355909694,0.5208333333333333,0.5051546391752577,-0.9207920792079208,-0.9930013675346128,-0.33333333333333326,-0.2946859903381642
1,78.1,-0.96398891966759,-0.5386338185890257,0.4342629482071714,1.0,0.8762886597938144,-1.0,-0.9130189350094016,-0.7608695652173914,0.5458937198067633
1,67.3,-0.47091412742382266,-0.8017917133258678,-0.04116865869853914,1.0,0.9999999999999998,-0.9920792079207921,-0.9908518813218299,-0.7753623188405797,0.13043478260869557
1,61.7,-0.12465373961218829,-0.2978723404255318,-0.9521912350597609,0.6666666666666665,0.670103092783505,-0.5405940594059406,-0.9928174718193506,-0.17391304347826086,0.09178743961352653
1,41.5,-0.8448753462603877,-0.5453527435610301,-0.548472775564409,0.3125,0.4639175257731958,-0.9287128712871288,-0.9956016086420586,-0.30434782608695654,-0.2850241545893719
1,68.2,-0.31855955678670356,0.3482642777155658,0.45551128818061093,1.0,0.9999999999999998,-1.0,-0.9601135055604014,-0.8333333333333334,0.3623188405797102
1,71.4,-0.5761772853185596,-0.4871220604703247,0.1686586985391767,0.875,0.9793814432989689,-0.9841584158415841,-0.9665180735747998,-0.9057971014492754,0.30434782608695654
0,82.6,-0.8421052631578947,-0.9999999999999999,0.7158034528552457,0.958333333333333,0.9587628865979381,-1.0,-0.9950526428331369,-0.963768115942029,0.7004830917874398
0,81.2,-0.8199445983379501,0.1534154535274359,0.6095617529880479,0.8541666666666665,0.8556701030927834,-1.0,-0.3938695800201718,-0.9565217391304348,0.961352657004831
0,83.0,-0.778393351800554,0.33818589025755896,0.5431606905710493,0.9791666666666665,0.9793814432989689,-1.0,-0.9567723062919175,-0.9565217391304348,0.5748792270531402
1,74.8,-0.6011080332409973,-0.0011198208286673506,0.07835325365205859,1.0,0.9999999999999998,-1.0,-0.7864798320673164,-0.7608695652173914,0.42028985507246364
1,69.6,-0.48199445983379496,-0.29003359462486,-0.01726427622841964,0.7916666666666665,0.8556701030927834,-0.9801980198019802,-0.9749220655693176,-0.5579710144927537,0.18840579710144922
1,48.5,-0.8781163434903047,-0.9630459126539753,-0.6361221779548473,-0.41666666666666674,-0.6082474226804124,-0.7980198019801981,-0.9923975630293219,-0.8840579710144928,-0.4589371980676329
1,74.1,-0.6398891966759003,-0.9462486002239641,-0.09960159362549803,0.9375,0.9381443298969072,-1.0,-0.9837263236000684,-0.4130434782608696,0.2367149758454108
1,71.4,-0.5152354570637119,-0.217245240761478,0.16600265604249675,1.0,0.9999999999999998,-1.0,-0.9527071728596002,-0.7681159420289856,0.41062801932367154
1,55.8,-0.21329639889196672,-0.8499440089585666,-0.5139442231075697,0.5,0.4639175257731958,-0.9207920792079208,-0.991313143765853,-0.34782608695652173,-0.2560386473429952
1,57.3,-0.1800554016620498,-0.9809630459126539,-0.9760956175298805,-0.9375,0.134020618556701,-0.9128712871287129,-0.9926994321900406,-0.39855072463768115,-0.21739130434782616
0,79.3,-0.8005540166204985,-0.8409854423292272,-0.25099601593625487,0.9375,0.9381443298969072,-1.0,-0.604401488734088,-0.855072463768116,0.22705314009661826
1,61.0,-0.36842105263157887,-0.9999999999999999,-0.4608233731739707,0.5,0.5051546391752577,-0.9564356435643564,-0.9922372360159695,-0.8840579710144928,-0.3719806763285024
1,72.6,-0.9722991689750692,-0.5912653975363941,0.15803452855245692,0.958333333333333,0.9587628865979381,-1.0,-0.980295423627742,-0.855072463768116,0.033816425120772875
1,74.7,-0.6121883656509695,-0.7357222844344904,-0.43426294820717126,1.0,0.9999999999999998,-1.0,-0.9936080355656516,0.09420289855072461,0.3526570048309179
1,74.7,-0.6842105263157894,-0.9361702127659574,-0.9017264276228419,0.9791666666666665,0.9793814432989689,-1.0,-0.975717785097548,-0.5,0.12077294685990325
0,72.0,-0.5734072022160664,0.2519596864501681,0.5192563081009298,0.9375,0.9381443298969072,-1.0,-0.9954722750811941,-0.8405797101449276,0.24637681159420288
1,76.3,-0.6759002770083102,-0.3057110862262037,0.5883134130146084,0.9166666666666665,0.9175257731958761,-1.0,-0.7996740046631012,-0.8985507246376812,0.5072463768115942
1,74.1,-1.0,-0.7973124300111981,0.5936254980079683,0.5,0.5670103092783505,-1.0,-0.9098610414354168,-0.6666666666666667,0.2753623188405796
1,67.8,-0.5734072022160664,-0.9999999999999999,-0.7051792828685259,0.8958333333333333,0.8762886597938144,-1.0,-0.9919028307849551,0.4347826086956521,-0.20772946859903385
0,81.0,-0.7950138504155124,0.06159014557670783,0.6573705179282869,0.7916666666666665,0.7938144329896906,-1.0,-0.4749380062263263,-0.9855072463768116,0.8840579710144927
1,71.8,-0.5263157894736842,-0.22284434490481508,0.1872509960159363,1.0,0.9999999999999998,-1.0,-0.99399340358895,-0.7681159420289856,0.42995169082125617
1,60.0,-0.06371191135734067,-0.9999999999999999,-0.5803452855245683,0.6458333333333333,0.5670103092783505,-0.8217821782178218,-0.9891573330377292,-0.5869565217391305,-0.033816425120772986
1,48.9,0.15512465373961226,-0.5778275475923851,-0.447543160690571,0.7708333333333333,0.7938144329896906,-0.9524752475247524,-0.9925511504500505,-0.42028985507246386,-0.14009661835748788
1,75.6,-0.9584487534626038,-0.9384098544232922,0.33864541832669315,1.0,0.9999999999999998,-1.0,-0.9676588253436156,-0.5072463768115942,0.30434782608695654
1,52.8,-0.9058171745152355,-0.7245240761478162,-0.545816733067729,0.20833333333333326,0.134020618556701,-0.8415841584158417,-0.9946329255980033,-0.2971014492753623,-0.31400966183574885
0,78.9,-0.7368421052631579,0.22396416573348277,0.44488711819389115,0.958333333333333,0.9587628865979381,-1.0,-0.953845651123431,-0.8840579710144928,0.6328502415458936
1,75.0,-0.5180055401662049,-0.6170212765957446,0.7290836653386454,0.6666666666666665,0.7113402061855669,-1.0,-0.9739233140305584,-0.9927536231884059,0.1594202898550725
1,67.1,-0.9224376731301939,-0.8689809630459127,0.05976095617529875,0.7916666666666665,-0.8556701030927836,-1.0,-0.9862926239656534,-0.9130434782608696,-0.21739130434782616
1,48.2,0.03601108033241007,-0.29003359462486,-0.5378486055776892,0.5,0.4639175257731958,-0.900990099009901,-0.9517138509444221,-0.3115942028985508,-0.2560386473429952
0,73.4,-0.5124653739612188,0.4725643896976486,0.5378486055776892,1.0,0.9999999999999998,-1.0,-0.8087273127055572,-0.8623188405797102,0.468599033816425
1,61.5,-0.8975069252077562,-0.9999999999999999,-0.5564409030544488,0.6458333333333333,0.5670103092783505,-0.8772277227722772,-0.9879586316293455,-0.5942028985507246,-0.033816425120772986
0,83.0,-0.7922437673130194,0.2777155655095187,0.5245683930942895,0.9375,0.9999999999999998,-1.0,-0.7785202565091381,-0.9420289855072465,0.30434782608695654
1,52.0,-0.1745152354570637,-0.940649496080627,-0.5856573705179282,0.33333333333333326,0.25773195876288657,-0.9168316831683169,-0.993452941854727,-0.9130434782608696,-0.4975845410628019
1,78.0,-0.9390581717451523,-0.09854423292273218,-0.8592297476759627,-0.125,-0.5670103092783506,-0.996039603960396,-0.9947474337340262,-0.8405797101449276,0.468599033816425
1,59.5,-0.25207756232686973,-0.992161254199328,-0.5590969455511288,0.9791666666666665,0.7938144329896906,-1.0,-0.9927568355359048,-0.4492753623188406,-0.14975845410628008
1,84.0,-0.814404432132964,-0.74020156774916,0.5989375830013282,0.9166666666666665,0.9175257731958761,-1.0,-0.9956876166238732,-0.927536231884058,0.5169082125603863
0,69.9,-0.37119113573407203,-0.2530795072788353,0.4422310756972112,0.958333333333333,0.9587628865979381,-1.0,-0.940066490362426,-0.8043478260869565,0.3719806763285023
0,81.0,-0.8310249307479224,-0.21164613661814102,0.47410358565737054,0.9166666666666665,0.9175257731958761,-1.0,-0.05601118362792934,-0.9420289855072465,0.7294685990338163
1,57.5,-0.22991689750692523,-0.4916013437849943,-0.596281540504648,-0.875,0.8350515463917525,-0.9643564356435643,-0.9903707309386455,-0.35507246376811596,-0.39130434782608703
1,79.9,-0.7700831024930748,-0.24412094064949597,0.6042496679946878,-0.875,-0.8556701030927836,-1.0,-0.7410403517140138,-0.9492753623188406,0.4975845410628019
0,76.4,-0.7423822714681441,0.5744680851063833,0.33067729083665354,0.7291666666666665,0.7319587628865978,-1.0,-0.5596206431173032,-0.9855072463768116,0.5652173913043477
1,62.5,-0.22160664819944598,-0.9686450167973124,-0.641434262948207,0.7916666666666665,0.7319587628865978,-1.0,-0.9851649071316123,0.3405797101449277,-0.22705314009661837
0,88.0,-0.8033240997229917,0.28667413213885795,0.5458167330677293,0.9375,0.9999999999999998,-1.0,0.942751792471777,-0.9420289855072465,0.3429951690821256
1,63.0,-0.09418282548476453,-0.7312430011198208,-0.44488711819389104,0.4791666666666665,0.5876288659793814,-0.8138613861386139,-0.9969101221671642,-0.5434782608695652,0.20772946859903385
1,51.2,0.005540166204986097,-0.9451287793952967,-0.5830013280212483,-0.16666666666666674,-0.23711340206185572,-0.8415841584158417,-0.9849814480005327,-0.32608695652173914,-0.3526570048309179
1,65.2,-0.4182825484764543,-0.9697648376259798,-0.5298804780876493,-0.875,-0.8556701030927836,-0.9801980198019802,-0.9875792702824775,-0.05797101449275366,-0.17874396135265702
0,72.2,-0.556786703601108,0.16237402015677516,-0.8698539176626826,0.9375,0.9175257731958761,-1.0,-0.9242860655436922,-0.8478260869565217,0.30434782608695654
1,52.9,-0.22991689750692523,-0.9888017917133258,-0.6387782204515271,-0.125,-0.15463917525773208,-0.9405940594059405,-0.9961251530945826,-0.13043478260869568,-0.7004830917874396
1,58.1,-0.9224376731301939,-0.9764837625979843,-0.47410358565737054,0.25,0.25773195876288657,-0.9247524752475248,-0.9923201178495513,-0.427536231884058,-0.18840579710144922
1,73.0,-0.4792243767313019,1.0000000000000004,0.4581673306772909,0.9166666666666665,0.9175257731958761,-1.0,-0.7216644613654607,-0.8623188405797102,0.5555555555555556
1,73.1,-0.5955678670360111,-0.49384098544232913,0.3253652058432934,0.8958333333333333,0.8762886597938144,-1.0,-0.9936543921221774,-0.8405797101449276,0.11111111111111116
1,69.8,-0.45983379501385035,-0.4479283314669651,0.3784860557768923,0.7083333333333333,0.7113402061855669,-0.9564356435643564,-0.8849304221660974,-0.7536231884057971,0.1497584541062802
1,73.2,-0.6592797783933517,-0.8600223964165733,0.5378486055776892,0.9375,0.9381443298969072,-1.0,-0.9835897892272218,-0.644927536231884,0.18840579710144922
1,61.1,-0.9252077562326869,-0.30907054871220596,0.014608233731739917,0.20833333333333326,-0.9175257731958764,-0.8732673267326733,-0.9990971816513697,-0.6956521739130435,-0.19806763285024154
1,59.6,-0.18559556786703602,-0.24188129899216115,-0.5989375830013279,0.9791666666666665,0.9587628865979381,-0.805940594059406,-0.9992754618640302,-0.5144927536231885,-0.024154589371980673
1,74.7,-0.6094182825484764,-0.6282194848824187,0.28286852589641454,-0.875,-0.8556701030927836,-0.9801980198019802,-0.9279740919012692,-0.8695652173913044,0.22705314009661826
1,67.4,-0.3601108033240997,-0.9820828667413213,-0.5192563081009296,0.875,0.8762886597938144,-0.9881188118811881,-0.9970537621073926,0.21014492753623193,0.0531400966183575
1,58.5,-0.24653739612188363,-0.8096304591265397,-0.7078353253652058,0.16666666666666652,-0.9175257731958764,-0.9168316831683169,-0.9946372048919702,-0.16666666666666674,-0.2657004830917875
1,65.0,-0.299168975069252,-0.9193729003359462,-0.593625498007968,0.9166666666666665,0.9175257731958761,-0.9920792079207921,-0.9790900145505923,0.28260869565217406,-0.11111111111111116
1,59.7,-0.24930747922437668,-0.5935050391937289,-0.38645418326693226,0.4166666666666665,-0.8969072164948455,-0.9326732673267326,-0.9945331589939712,-0.47101449275362317,-0.07246376811594213
0,74.5,-0.5706371191135734,0.20604703247480405,0.6015936254980081,1.0,0.9999999999999998,-1.0,-0.9777823166966709,-0.8768115942028986,0.4782608695652175
1,73.2,-0.5512465373961218,-0.6248600223964165,0.2749003984063745,1.0,0.9793814432989689,-0.996039603960396,-0.9754501403532657,-0.8695652173913044,0.09178743961352653
1,74.0,-0.6066481994459834,-0.8286674132138857,0.3837981407702524,0.7083333333333333,0.7113402061855669,-1.0,-0.9275852286837648,-0.6231884057971016,0.033816425120772875
1,62.5,-0.3434903047091412,-0.992161254199328,-0.7343957503320053,0.4791666666666665,0.48453608247422664,-1.0,-0.9961442956178713,0.33333333333333326,-0.14009661835748788
0,81.3,-0.8282548476454293,-0.06382978723404253,0.5405046480743692,0.958333333333333,0.9587628865979381,-1.0,-0.3673446516687433,-0.9710144927536232,0.5555555555555556
1,65.5,-0.46537396121883656,-0.959686450167973,-0.14741035856573703,0.5833333333333333,0.6907216494845361,-0.9920792079207921,-0.99436645298393,-0.7318840579710145,0.02415458937198056
1,46.8,0.368421052631579,-0.8331466965285553,-0.5325365205843293,-0.10416666666666674,-0.05154639175257736,-0.6475247524752475,-0.9933630343557123,-0.32608695652173914,-0.40096618357487923
1,78.8,-0.7479224376731302,-0.5375139977603582,0.5139442231075697,1.0,0.9587628865979381,-1.0,-0.9886844506131942,-0.7608695652173914,0.5942028985507246
1,59.1,-0.30747922437673125,-0.8443449048152295,-0.4130146082337317,0.5416666666666665,0.5051546391752577,-0.9485148514851485,-0.9861667516880773,-0.4565217391304348,-0.05314009661835739
0,77.7,-0.7313019390581716,0.26091825307950733,0.40770252324037193,0.9166666666666665,0.9175257731958761,-1.0,-0.21944196561859164,-0.9202898550724639,0.5942028985507246
1,73.5,-0.6620498614958448,-0.15117581187010065,0.14741035856573714,0.7291666666666665,0.7525773195876289,-0.9722772277227723,-0.8040847743417057,-0.7028985507246377,0.3526570048309179
1,66.2,-0.3739612188365651,-0.9227323628219484,-0.009296148738379584,0.7708333333333333,0.6907216494845361,-1.0,-0.9841717362178597,-0.9057971014492754,-0.3623188405797102
1,79.7,-0.7506925207756232,0.11422172452407642,0.5511288180610889,1.0,0.9999999999999998,-1.0,-0.9208620894671246,-0.9420289855072465,0.642512077294686
1,73.6,-0.5706371191135734,-0.6539753639417692,0.20584329349269592,0.958333333333333,0.9587628865979381,-0.9881188118811881,-0.9675898337615239,-0.8405797101449276,0.11111111111111116
0,87.0,-0.7922437673130194,0.17021276595744705,0.5431606905710493,0.9166666666666665,0.9175257731958761,-1.0,-0.9959555363678062,-0.9057971014492754,0.7004830917874398
1,72.6,-0.6038781163434903,-0.5498320268756998,0.20318725099601598,0.9166666666666665,0.9175257731958761,-0.9881188118811881,-0.9956782862042578,-0.9057971014492754,0.3429951690821256
0,82.0,-0.7894736842105263,0.26427771556550983,0.41567065073041176,0.6666666666666665,0.670103092783505,-1.0,-0.20026715076529322,-0.8840579710144928,0.4782608695652175
1,72.1,-0.5817174515235457,-0.4972004479283314,0.2217795484727756,0.9166666666666665,0.8969072164948453,-0.9881188118811881,-0.9963652480865375,-0.9130434782608696,0.28502415458937214
0,78.0,-0.3905817174515235,0.35610302351623746,0.4953519256308103,0.8958333333333333,0.8969072164948453,-1.0,-0.9757914791635977,-0.8333333333333334,0.5652173913043477
1,50.0,-0.21606648199445977,-0.9899216125419932,-0.6759628154050464,-0.20833333333333337,-0.34020618556701043,-0.9445544554455445,-0.9973689145433798,-0.07971014492753614,-0.7294685990338164
1,46.5,0.08033240997229929,-0.6853303471444568,-0.6042496679946878,-0.29166666666666674,-0.1958762886597939,-0.9128712871287129,-0.98809274058113,-0.8985507246376812,-0.4685990338164251
1,62.8,-0.24376731301939059,-0.688689809630459,-0.014608233731739695,0.8958333333333333,0.8969072164948453,-1.0,-0.9920696856381797,-0.818840579710145,-0.14009661835748788
1,61.6,-0.17728531855955676,-0.02127659574468077,-0.17662682602921642,0.625,0.6494845360824741,-0.6514851485148514,-0.9967677849089746,-0.5144927536231885,0.19806763285024154
0,89.0,-0.8033240997229917,0.2362821948488245,0.6015936254980081,0.9375,0.9381443298969072,-1.0,-0.9449911306046451,-0.963768115942029,0.5458937198067633
0,81.8,-0.85595567867036,-0.07726763717805141,0.5272244355909694,0.9375,0.9381443298969072,-1.0,-0.30058919065362755,-0.9420289855072465,0.7777777777777777
1,68.3,-0.4958448753462603,-0.6954087346024636,-0.9123505976095617,1.0,0.9999999999999998,-0.996039603960396,-0.9769047947579962,-0.7898550724637681,0.1497584541062802
1,74.1,-0.5817174515235457,-0.1522956326987681,0.3652058432934926,0.9791666666666665,0.9999999999999998,-1.0,-0.7790438133170108,-0.7971014492753623,0.3526570048309179
1,63.2,-0.9390581717451523,-0.9999999999999999,-0.4077025232403718,0.75,0.7525773195876289,-0.9722772277227723,-0.9857134269715229,-0.5144927536231885,0.0724637681159419
0,71.0,-0.9307479224376731,-0.014557670772676223,0.4661354581673307,1.0,0.9999999999999998,-1.0,-0.893428301703092,-0.8260869565217391,0.4975845410628019
1,72.5,-0.5346260387811634,-0.5935050391937289,0.2536520584329349,0.958333333333333,0.9587628865979381,-0.996039603960396,-0.9745379036777717,-0.8695652173913044,0.0724637681159419
1,72.6,-0.5761772853185596,-0.11534154535274344,0.12881806108897753,0.8958333333333333,0.9587628865979381,-1.0,-0.8764131949284841,-0.7318840579710145,0.5265700483091789
0,74.1,-0.96398891966759,0.34938409854423313,0.6759628154050465,0.9166666666666665,0.9175257731958761,-1.0,-0.871224033569469,-0.8695652173913044,0.3913043478260869
1,61.7,-0.407202216066482,-0.9999999999999999,-0.3253652058432934,0.25,0.2783505154639174,-0.9564356435643564,-0.9975638857378315,-0.3623188405797101,-0.31400966183574885
1,56.0,-0.24930747922437668,-0.9876819708846584,-0.5989375830013279,0.3541666666666665,0.3402061855670102,-0.9524752475247524,-0.9940734395000511,-0.19565217391304357,-0.6135265700483092
1,68.6,-0.9584487534626038,-0.9507278835386338,0.15272244355909703,0.9166666666666665,0.9175257731958761,-1.0,-0.9776673799330953,-0.5217391304347826,-0.22705314009661837
1,71.3,-0.5096952908587258,-0.3594624860022395,0.4581673306772909,0.6875,0.6907216494845361,-0.9683168316831683,-0.8444130300092502,-0.7536231884057971,0.22705314009661826
1,67.0,-0.11080332409972293,-0.9462486002239641,-0.6361221779548473,0.8958333333333333,0.8969072164948453,-0.9603960396039604,-0.9945432340574595,-0.34782608695652173,-0.4975845410628019
1,51.5,0.35734072022160657,-0.8712206047032474,-0.5776892430278884,0.875,0.8762886597938144,-0.4138613861386139,-0.9993109633237304,-0.5072463768115942,-0.04347826086956519
1,52.5,-0.9141274238227146,-0.715565509518477,-0.5617529880478087,0.10416666666666652,0.051546391752577136,-0.8613861386138614,-0.9993655271865964,-0.9347826086956522,-0.3526570048309179
1,58.9,0.1412742382271468,-0.17469204927211635,0.2350597609561753,0.375,0.38144329896907214,-0.6673267326732673,-0.9857637773668062,-0.5289855072463768,0.2367149758454108
1,51.5,-0.08033240997229918,-0.5083986562150055,-0.9734395750332006,0.0625,-0.17525773195876293,-0.8811881188118812,-0.9971049985349023,-0.35507246376811596,0.01449275362318847
1,61.4,-0.1412742382271468,-0.9305711086226203,-0.6254980079681274,0.8541666666666665,0.8556701030927834,-0.9643564356435643,-0.999293904078035,-0.35507246376811596,-0.4975845410628019
0,81.1,-0.9833795013850415,0.02911534154535289,0.713147410358566,0.875,0.8762886597938144,-1.0,-0.93294387286792,-0.9855072463768116,0.8840579710144927
1,75.4,-0.7562326869806094,-0.8062709966405375,0.44488711819389115,0.8958333333333333,0.8556701030927834,-1.0,-0.2889122552068387,-0.6376811594202899,0.2367149758454108
1,64.8,-0.1357340720221606,0.21612541993281087,0.4103585657370519,0.958333333333333,0.9587628865979381,-0.9920792079207921,-0.9601595716101561,-0.8115942028985508,0.2367149758454108
0,82.1,-0.9861495844875346,0.1354983202687572,0.4236387782204516,0.9375,0.9175257731958761,-1.0,0.16925685459065654,-0.9710144927536232,0.4782608695652175
0,79.7,-0.7839335180055401,0.1713325867861144,0.48738379814077026,0.8333333333333333,0.8350515463917525,-1.0,0.03635875046876769,-0.927536231884058,0.6328502415458936
1,71.4,-0.47091412742382266,-0.3370660694288913,-0.9787516600265604,0.958333333333333,0.9381443298969072,-0.9762376237623762,-0.9950514022634932,-0.3405797101449276,0.11111111111111116
1,77.0,-0.5927977839335179,-0.5733482642777155,-0.4369189907038512,0.8541666666666665,0.8350515463917525,-0.9722772277227723,-0.9769770566642634,-0.3405797101449276,0.09178743961352653
1,74.4,-0.5900277008310248,-0.1858902575587904,-0.9096945551128818,0.958333333333333,0.9587628865979381,-1.0,-0.9773240911862676,-0.7536231884057971,-1.0
1,73.1,-0.628808864265928,-0.1578947368421051,0.3359893758300134,0.875,0.8762886597938144,-1.0,-0.972590757289011,-0.8043478260869565,0.2657004830917873
1,72.0,-0.4570637119113573,-0.7357222844344904,0.3811420982735725,-0.875,0.7938144329896906,-0.9920792079207921,-0.9373185777503922,-0.8840579710144928,0.2560386473429952
1,73.5,-0.6038781163434903,-0.4792833146696528,0.34395750332005326,0.875,0.8762886597938144,-1.0,-0.9215826687728363,-0.8405797101449276,0.1497584541062802
1,53.8,0.3767313019390581,-0.027995520716685318,0.1208499335989377,0.5,0.5876288659793814,0.16435643564356428,-0.9091565862456836,-0.16666666666666674,0.24637681159420288
1,57.0,-0.9002770083102493,-0.948488241881299,-0.593625498007968,-0.39583333333333337,-0.5463917525773196,-0.8297029702970297,-0.99861082734873,-0.3115942028985508,-0.39130434782608703
1,73.0,-0.5817174515235457,-0.5744680851063828,-0.45019920318725093,0.8333333333333333,-0.8556701030927836,-0.9722772277227723,-0.9787330378832759,-0.32608695652173914,0.06280193236714982
1,68.5,-0.4958448753462603,-0.992161254199328,-0.38114209827357237,0.6875,0.670103092783505,-0.9920792079207921,-0.9381347680874816,-0.8985507246376812,0.21739130434782594
1,77.2,-0.7700831024930748,-0.9260918253079506,-0.1288180610889773,0.958333333333333,0.9793814432989689,-1.0,-0.363107041144065,-0.5652173913043479,0.3719806763285023
1,75.0,-0.4958448753462603,-0.18812989921612533,0.12350597609561764,1.0,0.9793814432989689,-1.0,-0.9372760803522749,-0.7608695652173914,0.3623188405797102
1,59.4,-0.20498614958448746,-0.8107502799552071,-0.42629482071713143,0.6875,0.6907216494845361,-0.8891089108910891,-0.9845389675274977,-0.4347826086956521,-0.1594202898550725
1,75.9,-0.9556786703601108,-0.9999999999999999,0.5909694555112881,0.8333333333333333,0.8350515463917525,-1.0,-0.8762004145780848,-0.8768115942028986,0.4589371980676329
0,82.0,-0.9861495844875346,0.15117581187010076,0.4130146082337318,0.9375,0.9175257731958761,-1.0,0.21032551154075074,-0.9710144927536232,0.4782608695652175
0,79.1,-0.7645429362880887,0.3236282194848825,0.47941567065073043,0.9375,0.9381443298969072,-1.0,-0.4266350769894488,-0.927536231884058,0.5845410628019323
1,63.1,-0.32409972299168976,-0.9999999999999999,0.2589641434262948,0.08333333333333326,-0.05154639175257736,-0.9841584158415841,-0.998633334949064,-0.7246376811594204,-0.12077294685990347
1,79.2,-0.7368421052631579,0.1354983202687572,0.5192563081009298,0.958333333333333,0.9587628865979381,-1.0,-0.9310068208762005,-0.9420289855072465,0.6618357487922704
1,68.1,-0.484764542936288,-0.992161254199328,-0.4289508632138114,0.6458333333333333,0.6288659793814433,-0.9920792079207921,-0.9477758276506132,-0.8913043478260869,0.1690821256038646
1,81.0,-0.7451523545706371,0.3650615901455767,0.4900398406374502,0.9791666666666665,0.9793814432989689,-1.0,-0.41465579229894334,-0.963768115942029,0.4975845410628019
0,71.1,-0.38227146814404434,0.4882418812989924,0.5378486055776892,0.9375,0.9381443298969072,-1.0,-0.7489342333027801,-0.7971014492753623,0.5942028985507246
1,72.6,-0.631578947368421,-0.6808510638297871,0.23240371845949537,0.9375,0.8969072164948453,-1.0,-0.9868830512030575,-0.855072463768116,0.04347826086956519
1,74.5,-0.7340720221606648,-0.5229563269876819,-0.33333333333333326,1.0,0.9587628865979381,-1.0,-0.9417716653036632,-0.6811594202898551,0.1497584541062802
1,73.0,-0.3795013850415512,0.1321388577827547,0.5537848605577689,0.958333333333333,0.9587628865979381,-1.0,-0.7629578926852624,-0.8405797101449276,0.43961352657004826
1,79.7,-0.7867036011080333,-0.13885778275475913,-0.8778220451527224,0.7708333333333333,0.8350515463917525,-1.0,-0.527226368992171,-0.9710144927536232,0.5265700483091789
1,69.4,-0.9362880886426592,-0.7267637178051511,0.08897742363877814,0.6875,0.6907216494845361,-0.9881188118811881,-0.9706024581071017,-0.9057971014492754,-0.13043478260869568
0,77.2,-0.6897506925207756,0.11870100783874582,0.3837981407702524,0.8958333333333333,0.8969072164948453,-1.0,-0.9710460955288076,-0.8623188405797102,0.6038647342995169
1,76.2,-0.7590027700831025,-0.9451287793952967,0.6201859229747677,0.8333333333333333,-0.8762886597938145,-1.0,-0.4967803418585759,-0.6594202898550725,0.2560386473429952
0,87.0,-0.8227146814404431,-0.2609182530795071,0.4475431606905711,0.958333333333333,0.9587628865979381,-1.0,-0.9338208851190937,-0.9347826086956522,0.7004830917874398
1,56.8,-0.9113573407202216,-0.9776035834266517,-0.5112881806108897,0.16666666666666652,-0.9175257731958764,-0.9128712871287129,-0.992686724911996,-0.3840579710144928,-0.23671497584541057
1,71.7,-0.46537396121883656,-0.7010078387458005,0.32802124833997337,0.9791666666666665,0.9793814432989689,-0.9920792079207921,-0.9940309950644566,-0.8768115942028986,0.2946859903381642
0,79.4,-0.7673130193905817,0.38745800671892505,0.36254980079681287,0.7291666666666665,0.7319587628865978,-1.0,-0.358220968990295,-0.8840579710144928,0.43961352657004826
1,72.0,-0.4736842105263157,-0.7368421052631579,0.3652058432934926,0.7916666666666665,0.7938144329896906,-0.9920792079207921,-0.9417188857447983,-0.8840579710144928,0.24637681159420288
1,72.2,-0.4903047091412742,-0.12541993281075015,-0.9548472775564408,1.0,0.9999999999999998,-1.0,-0.9800146772965971,-0.572463768115942,0.1690821256038646
1,77.7,-0.9695290858725761,-0.5431131019036953,0.27224435590969454,-0.875,-0.8556701030927836,-1.0,-0.9257555768439921,-0.855072463768116,0.1787439613526569
1,63.7,-0.9307479224376731,-0.9608062709966405,-0.6786188579017264,0.08333333333333326,0.09278350515463907,-1.0,-0.9920005661240217,-0.1376811594202898,0.02415458937198056
1,63.7,-0.32409972299168976,-0.6976483762597984,0.05976095617529875,0.9791666666666665,0.9793814432989689,-1.0,-0.9641693748140177,-0.7681159420289856,0.004830917874396157
1,45.3,-0.8781163434903047,-0.5688689809630458,-0.9787516600265604,0.25,0.2783505154639174,-0.9168316831683169,-0.9940061602162239,-0.3623188405797101,-0.20772946859903385
1,67.7,-0.24653739612188363,0.05823068309070578,0.49269588313413015,0.8333333333333333,-0.8556701030927836,-0.9881188118811881,-0.9347207809461093,-0.8260869565217391,0.43961352657004826
1,67.8,-0.3490304709141274,-0.23628219484882407,0.2695883134130148,0.9791666666666665,0.9999999999999998,-1.0,-0.9983893971969771,-0.8405797101449276,0.40096618357487923
1,75.2,-0.6094182825484764,-0.0750279955207166,0.11022576361221792,1.0,0.9999999999999998,-1.0,-0.9753020930678478,-0.7608695652173914,0.3913043478260869
1,57.8,-0.24930747922437668,-0.9999999999999999,-0.42098273572377154,0.4791666666666665,0.4639175257731958,-0.9405940594059405,-0.9861729577904416,-0.4347826086956521,-0.20772946859903385
1,65.9,-0.3324099722991689,-0.9999999999999999,-0.11022576361221781,0.7708333333333333,0.7731958762886597,-0.9168316831683169,-0.9090439812730559,-0.3840579710144928,0.13043478260869557
1,45.6,-0.853185595567867,-0.8309070548712205,-0.5909694555112881,-0.9791666666666666,-0.9587628865979382,-0.4534653465346534,-0.9959473835730226,-0.9057971014492754,-0.4879227053140097
1,56.7,0.03601108033241007,-0.9999999999999999,-0.447543160690571,0.5833333333333333,0.5876288659793814,-0.8415841584158417,-0.9895678403506227,-0.7463768115942029,-0.12077294685990347
1,62.3,-0.28531855955678664,-0.3650615901455766,0.1978751660026561,0.33333333333333326,0.3402061855670102,-0.9722772277227723,-0.9871585868345775,-0.7246376811594204,-0.14009661835748788
1,65.0,-0.09695290858725758,0.29451287793952985,0.43160690571049143,0.9791666666666665,0.9793814432989689,-0.9920792079207921,-0.9106864954141642,-0.8333333333333334,0.32367149758454095
0,79.8,-0.7950138504155124,0.08398656215005595,0.4422310756972112,0.9375,0.8762886597938144,-1.0,-0.9996116901215341,-0.9710144927536232,0.43961352657004826
0,78.0,-0.7756232686980609,0.4815229563269878,0.38645418326693237,0.7291666666666665,0.7319587628865978,-1.0,-0.930931654808481,-0.9855072463768116,0.6231884057971016
1,76.1,-0.6204986149584487,-0.9999999999999999,0.5033200531208499,0.875,0.8762886597938144,-1.0,-0.7070905972625336,-0.8695652173913044,0.5845410628019323
1,62.2,-0.10249307479224379,-0.35610302351623735,-0.08897742363877814,0.9375,0.9175257731958761,-0.7861386138613862,-0.8717216527043166,-0.4492753623188406,0.19806763285024154
1,73.4,-0.5678670360110802,-0.3370660694288913,0.4714475431606906,0.6458333333333333,0.670103092783505,-0.9920792079207921,-0.9894962067529375,-0.7681159420289856,0.2753623188405796
0,84.0,-0.9833795013850415,-0.276595744680851,0.4767596281540505,0.8958333333333333,0.8969072164948453,-1.0,0.24380895026263905,-0.9492753623188406,0.6908212560386473
0,89.0,-0.8199445983379501,0.004479283314669846,0.49269588313413015,0.958333333333333,0.8969072164948453,-1.0,-0.47683808951118556,-0.9710144927536232,0.5072463768115942
1,55.0,-0.013850415512465353,-0.8734602463605823,-0.5351925630810093,-0.8958333333333334,0.6494845360824741,-0.805940594059406,-0.9937822012777097,-0.39855072463768115,-0.024154589371980673
1,79.5,-0.7839335180055401,-0.13885778275475913,0.5378486055776892,0.7708333333333333,0.7731958762886597,-1.0,-0.5944290223021172,-0.9710144927536232,0.5265700483091789
1,56.5,-0.24653739612188363,-0.9339305711086225,-0.9654714475431606,0.5416666666666665,0.4639175257731958,-0.9445544554455445,-0.9987128371315924,-0.3695652173913043,-0.2946859903381642
1,69.3,-0.5512465373961218,-0.9999999999999999,-0.0013280212483399723,0.958333333333333,0.9381443298969072,-0.996039603960396,-0.9997896626588255,-0.7463768115942029,0.08212560386473422
1,55.6,0.024930747922437657,-0.3079507278835385,-0.3306772908366533,-0.8958333333333334,0.6494845360824741,-0.80990099009901,-0.9782838489291971,-0.572463768115942,-0.033816425120772986
1,46.4,0.9168975069252079,-0.38409854423292267,-0.19787516600265598,0.9375,0.9381443298969072,0.2594059405940594,-0.9301511921722604,-0.8695652173913044,0.14009661835748788
1,73.4,-0.6565096952908587,-0.17469204927211635,0.12616201859229736,0.875,0.6907216494845361,-0.9762376237623762,-0.8067955341417792,-0.7028985507246377,0.3526570048309179
1,69.1,-0.46537396121883656,-0.4916013437849943,-0.12350597609561753,0.8333333333333333,0.8350515463917525,-0.9564356435643564,-0.8836287925136107,-0.5289855072463768,0.14009661835748788
0,77.6,-0.9722991689750692,0.254199328107503,0.5059760956175301,0.9375,0.9175257731958761,-1.0,-0.960967406999356,-0.9492753623188406,0.7391304347826086
1,78.0,-0.520775623268698,-0.2508398656215004,0.13147410358565748,0.8333333333333333,0.8556701030927834,-0.9881188118811881,-0.6785989890887139,-0.5797101449275361,0.21739130434782594
1,66.3,-0.48199445983379496,-0.9944008958566629,-0.6281540504648073,0.4375,0.5051546391752577,-1.0,-0.9987036099249548,-0.21014492753623193,0.033816425120772875
1,75.0,-0.7451523545706371,-0.8253079507278834,0.6626826029216468,0.5,0.6288659793814433,-1.0,-0.8534328063034369,-0.6666666666666667,0.2753623188405796
1,71.1,-0.9667590027700831,-0.7793952967525195,0.23771580345285526,0.7083333333333333,0.6288659793814433,-1.0,-0.901969883158827,-0.8043478260869565,0.13043478260869557
1,73.0,-0.6232686980609419,-0.5251959686450167,0.2589641434262948,0.8541666666666665,-0.8556701030927836,-1.0,-0.9724416810457275,-0.8623188405797102,0.0531400966183575
1,69.2,-0.3628808864265928,-0.025755879059350284,0.5033200531208499,0.4791666666666665,0.42268041237113385,-0.9920792079207921,-0.9573083926518001,-0.8260869565217391,0.43961352657004826
1,64.4,-0.4182825484764543,-0.8589025755879058,-0.6786188579017264,0.2916666666666665,0.2989690721649483,-0.9920792079207921,-0.9987222124278748,0.963768115942029,-0.09178743961352653
1,66.3,-0.39889196675900274,-0.18141097424412078,-0.9070385126162018,0.875,0.8762886597938144,-0.9722772277227723,-0.956794147886598,-0.6014492753623188,0.033816425120772875
1,36.3,0.8864265927977839,-0.35610302351623735,0.13678618857901736,0.3125,0.31958762886597936,-0.9287128712871288,-0.9889134465078095,-0.7173913043478262,-0.16908212560386482
1,71.7,-0.9390581717451523,0.6405375139977605,0.5856573705179284,0.9791666666666665,0.9793814432989689,-1.0,-0.8661227975503847,-0.8623188405797102,0.5169082125603863
1,66.8,-0.3961218836565097,-0.4714445688689808,-0.5644090305444887,0.4791666666666665,0.5670103092783505,-1.0,-0.9976967827678671,-0.9347826086956522,0.10144927536231885
1,64.3,-0.3961218836565097,-0.9339305711086225,0.7901726427622842,0.7708333333333333,0.7113402061855669,-1.0,-0.9876938596781616,-0.9927536231884059,0.004830917874396157
1,51.4,0.31855955678670367,-0.4557670772676371,-0.2695883134130146,0.7916666666666665,0.7731958762886597,0.5881188118811882,-0.9523247160632278,-0.5652173913043479,0.02415458937198056
1,76.0,-0.5955678670360111,-0.9999999999999999,0.4820717131474106,-0.9166666666666667,0.38144329896907214,-1.0,-0.8884051036402438,-0.6231884057971016,0.01449275362318847
1,73.8,-0.6481994459833795,-0.9999999999999999,0.9362549800796813,0.14583333333333326,0.25773195876288657,-1.0,-0.9298941873433669,-0.9927536231884059,0.24637681159420288
1,69.7,-0.9362880886426592,-0.734602463605823,0.1447543160690572,-0.875,0.7938144329896906,-0.9881188118811881,-0.9621571565867526,-0.9057971014492754,-0.05314009661835739
1,76.6,-0.6648199445983379,-0.412094064949608,0.6308100929614875,0.75,0.7525773195876289,-1.0,-0.9756552252783114,-0.8913043478260869,0.2657004830917873
1,58.4,-0.3047091412742382,-0.9608062709966405,-0.5511288180610889,-0.9375,-0.9175257731958764,-0.9762376237623762,-0.9914143430784584,-0.1376811594202898,-0.4492753623188406
0,78.0,-0.7285318559556786,0.26315789473684226,0.5298804780876494,0.9375,0.9175257731958761,-1.0,-0.9571934420929289,-0.9492753623188406,0.8164251207729469
1,62.5,-0.3462603878116344,-0.9999999999999999,-0.4369189907038512,0.7083333333333333,0.7319587628865978,-0.9722772277227723,-0.9867929126412335,-0.5072463768115942,0.04347826086956519
1,54.9,-0.01939058171745145,-0.8880179171332586,-0.548472775564409,0.4166666666666665,0.42268041237113385,-0.801980198019802,-0.994154413429154,-0.3840579710144928,-0.033816425120772986
0,74.5,-0.6011080332409973,-0.10302351623740191,0.39707835325365215,0.9791666666666665,0.9999999999999998,-1.0,-0.9128101814084345,-0.8260869565217391,0.4492753623188406
1,69.6,-0.5013850415512465,-0.19036954087346014,0.15803452855245692,0.958333333333333,0.9381443298969072,-0.9801980198019802,-0.9274455549749202,-0.7536231884057971,0.2367149758454108
0,78.5,-0.7728531855955678,-0.02127659574468077,0.5458167330677293,0.6458333333333333,-0.8556701030927836,-1.0,-0.7670378122409333,-0.9855072463768116,0.681159420289855
1,56.5,-0.21329639889196672,-0.8745800671892496,-0.9707835325365206,0.45833333333333326,-0.8969072164948455,-0.9207920792079208,-0.9989910532511336,-0.37681159420289856,-0.17874396135265702
0,79.6,-0.8227146814404431,-0.16685330347144445,0.7184594953519257,0.5208333333333333,0.48453608247422664,-1.0,-0.6748558219278649,-0.9565217391304348,0.3913043478260869
1,69.9,-0.5983379501385041,-0.9361702127659574,0.21912350597609564,0.8333333333333333,0.8350515463917525,-1.0,-0.9711290223229696,-0.5289855072463768,-0.10144927536231874
0,83.3,-0.8421052631578947,-0.173572228443449,-0.298804780876494,1.0,0.9587628865979381,-1.0,-0.918406443953063,-0.8695652173913044,0.4782608695652175
1,69.6,-0.5346260387811634,-0.9059350503919372,0.13413014608233742,0.33333333333333326,0.38144329896907214,-1.0,-0.9700218178263262,-0.8913043478260869,0.033816425120772875
1,77.3,-0.7922437673130194,-0.8712206047032474,0.7158034528552457,0.9791666666666665,0.9587628865979381,-1.0,-0.9876724015507409,-0.644927536231884,0.1594202898550725
1,57.2,-0.9279778393351801,-0.9999999999999999,-0.45551128818061093,0.4375,0.31958762886597936,-0.9445544554455445,-0.9869823036923392,-0.4057971014492753,-0.2560386473429952
0,89.0,-0.8060941828254847,0.07614781634938406,0.6839309428950864,0.875,0.8762886597938144,-1.0,-0.43459986186604427,-0.9855072463768116,0.961352657004831
1,48.1,-0.8836565096952909,-0.9608062709966405,-0.6547144754316069,-0.41666666666666674,-0.5257731958762888,-0.805940594059406,-0.9996446541480786,-0.2028985507246377,-0.5072463768115942
1,55.3,-0.12742382271468145,-0.9999999999999999,-0.702523240371846,-0.33333333333333337,-0.3608247422680413,-1.0,-0.9980563128403378,-0.855072463768116,-0.42995169082125606
1,59.4,-0.20775623268698062,-0.9999999999999999,-0.4236387782204515,0.6875,0.6907216494845361,-0.9445544554455445,-0.9903037952701209,-0.5144927536231885,0.1594202898550725
1,67.5,-0.40443213296398894,-0.5319148936170212,-0.4767596281540504,0.75,0.7525773195876289,-1.0,-0.9719562102293939,-0.9347826086956522,0.10144927536231885
1,63.0,-0.3601108033240997,-0.9999999999999999,-0.5564409030544488,0.4166666666666665,0.42268041237113385,-0.9762376237623762,-0.9934575697736019,-0.9130434782608696,-0.5072463768115942
1,80.0,-0.7894736842105263,-0.12765957446808496,-0.8618857901726428,0.8333333333333333,0.8350515463917525,-1.0,-0.46332288259838184,-0.9710144927536232,0.5265700483091789
1,69.7,-0.9501385041551247,-0.9999999999999999,0.606905710491368,1.0,0.9999999999999998,-1.0,-0.9908586623641144,-0.7173913043478262,0.468599033816425
1,69.3,-0.4736842105263157,-0.38185890257558774,-0.08100929614873831,0.8333333333333333,0.8350515463917525,-0.9841584158415841,-0.9851836962318481,-0.5434782608695652,0.1594202898550725
1,45.9,0.4127423822714682,-0.8331466965285553,-0.5537848605577689,-0.08333333333333337,0.07216494845360821,-0.5603960396039604,-0.9945383787830513,-0.30434782608695654,-0.42995169082125606
1,59.6,-0.25207756232686973,-0.9720044792833146,-0.548472775564409,-0.8958333333333334,-0.8762886597938145,-1.0,-0.9908889763345226,-0.4565217391304348,-0.11111111111111116
1,76.4,-0.6731301939058172,-0.24412094064949597,-0.8751660026560425,0.8958333333333333,0.8969072164948453,-1.0,-0.9838781192284004,-0.8913043478260869,0.5169082125603863
1,64.9,-0.48753462603878117,-0.9966405375139977,-0.6679946879150066,0.22916666666666652,0.25773195876288657,-1.0,-0.9926181590003633,-0.14492753623188404,0.06280193236714982
1,69.5,-0.9556786703601108,-0.9999999999999999,0.49800796812749004,-0.9166666666666667,0.36082474226804107,-1.0,-0.8838049592937058,-0.6231884057971016,-0.004830917874396046
1,62.5,-0.30747922437673125,-0.34602463605823064,0.10491367861885803,0.2916666666666665,0.2989690721649483,-0.9247524752475248,-0.9888124466882682,-0.7101449275362319,-0.17874396135265702
1,46.0,-0.8670360110803323,-0.832026875699888,-0.5989375830013279,-0.27083333333333337,-0.27835051546391765,-0.43762376237623757,-0.9959409343042396,-0.8985507246376812,-0.4975845410628019
1,73.5,-0.9612188365650969,-0.7558790593505038,0.5484727755644092,0.4791666666666665,0.48453608247422664,-1.0,-0.908971384000133,-0.6594202898550725,0.42995169082125617
0,79.4,-0.7700831024930748,0.10302351623740202,0.50863213811421,0.9166666666666665,0.9381443298969072,-1.0,-0.7428582074852218,-0.963768115942029,0.5169082125603863
1,63.5,-0.23822714681440438,-0.07166853303471421,-0.11819389110225753,-0.8958333333333334,0.6494845360824741,-0.80990099009901,-0.8359920641286868,-0.5507246376811594,0.20772946859903385
1,73.0,-0.9695290858725761,-0.9339305711086225,0.5378486055776892,0.9791666666666665,0.9793814432989689,-1.0,-0.9536601893182197,-0.7318840579710145,0.31400966183574863
1,74.2,-0.5927977839335179,-0.5935050391937289,0.2403718459495352,0.8958333333333333,0.8556701030927834,-0.9683168316831683,-0.9922659652224317,-0.8695652173913044,0.20772946859903385
1,67.4,-0.5623268698060941,-0.9999999999999999,-0.6069057104913678,0.6666666666666665,0.670103092783505,-1.0,-0.9812690113558523,-0.19565217391304357,0.20772946859903385
1,65.8,-0.9418282548476454,-0.9999999999999999,1.0,0.8333333333333333,0.9175257731958761,-1.0,-0.9710889475935683,-1.0,0.1497584541062802
1,73.7,-0.7562326869806094,-0.9977603583426651,0.7450199203187251,1.0,0.9999999999999998,-1.0,-0.23148632533629532,-0.7753623188405797,0.3429951690821256
0,84.0,-0.7922437673130194,0.3426651735722286,0.40239043824701204,0.6666666666666665,0.670103092783505,-1.0,-0.1376313157579191,-0.8840579710144928,0.4589371980676329
1,72.4,-0.6592797783933517,-0.5027995520716684,-0.3253652058432934,1.0,0.9999999999999998,-0.9881188118811881,-0.9422196087372319,-0.4565217391304348,0.19806763285024154
1,44.8,-0.8005540166204985,-0.5050391937290033,-0.33864541832669315,0.45833333333333326,0.42268041237113385,0.5722772277227721,-0.9990657632853179,-0.9202898550724639,-0.033816425120772986
1,61.0,-0.18282548476454286,-0.007838745800671898,-0.29083665338645415,-0.14583333333333337,-0.11340206185567014,-0.6277227722772277,-0.9309432077811137,-0.427536231884058,0.1787439613526569
1,49.0,-0.8836565096952909,-0.8734602463605823,-0.5989375830013279,0.375,-0.8969072164948455,-0.5207920792079208,-0.995368551592007,-0.7028985507246377,-0.4782608695652174
1,45.3,0.8975069252077563,-0.8085106382978723,-0.34926958831341304,0.5208333333333333,0.5051546391752577,0.6633663366336635,-0.9908214970994664,-0.8913043478260869,-0.05314009661835739
1,72.9,-0.6925207756232687,-0.8656215005599104,0.2403718459495352,0.958333333333333,0.9587628865979381,-1.0,-0.9628729739981097,-0.5289855072463768,0.2367149758454108
0,79.5,-0.7867036011080333,0.1377379619260919,0.50863213811421,-0.875,-0.8556701030927836,-1.0,-0.9636113056003272,-0.9565217391304348,0.9710144927536231
1,72.4,-0.9612188365650969,-0.5251959686450167,0.2642762284196547,0.8541666666666665,0.8556701030927834,-1.0,-0.9623301812785036,-0.8260869565217391,0.12077294685990325
1,75.8,-0.7645429362880887,-0.3538633818589024,-0.18990703851261614,1.0,0.9999999999999998,-1.0,-0.871078726311695,-0.7391304347826086,0.2657004830917873
1,62.4,-0.9030470914127423,-0.10638297872340408,-0.21381142098273564,0.6666666666666665,0.670103092783505,-0.6594059405940594,-0.9303217321500307,-0.8695652173913044,0.10144927536231885
1,72.9,-0.96398891966759,-0.8936170212765957,0.9096945551128819,0.6875,0.6494845360824741,-1.0,-0.9925567951090596,-1.0,0.3913043478260869
0,79.8,-0.8005540166204985,-0.2620380739081746,0.3811420982735725,1.0,0.9999999999999998,-1.0,-0.547414227612506,-0.9130434782608696,0.536231884057971
1,73.6,-0.5650969529085872,-0.6618141097424411,-0.2058432934926958,0.9791666666666665,0.9793814432989689,-1.0,-0.8456741370719254,-0.4927536231884059,0.3623188405797102
1,62.2,-0.41551246537396114,-0.9999999999999999,-0.29083665338645415,0.45833333333333326,0.5051546391752577,-0.9564356435643564,-0.976645668205934,-0.3913043478260869,-0.2560386473429952
1,64.7,-0.20775623268698062,-0.26763717805151166,0.17928286852589648,1.0,0.6494845360824741,-1.0,-0.9517901925156529,-0.8260869565217391,0.30434782608695654
0,81.7,-0.8421052631578947,-0.9999999999999999,0.5989375830013282,0.9375,0.9381443298969072,-1.0,-0.12469038786672992,-0.9347826086956522,0.7487922705314012
1,73.9,-0.7617728531855955,-0.9899216125419932,0.7662682602921649,1.0,0.9999999999999998,-1.0,-0.36955112074778895,-0.7681159420289856,0.31400966183574863
1,48.2,0.7479224376731302,-0.6024636058230682,-0.2775564409030543,0.5,0.5051546391752577,-0.19207920792079203,-0.9945624848553575,-0.44202898550724645,-0.06280193236714982
1,69.0,0.024930747922437657,-0.17917133258678597,0.2775564409030544,0.45833333333333326,0.4639175257731958,-0.8257425742574258,-0.8846150660229357,-0.6159420289855073,0.2367149758454108
0,85.0,-0.8005540166204985,0.033594624860022515,0.6706507304116867,0.8541666666666665,0.8556701030927834,-1.0,-0.9952797167544212,-0.9855072463768116,0.8647342995169083
1,73.4,-0.5650969529085872,-0.5386338185890257,0.1394422310756973,-0.875,0.7938144329896906,-0.9920792079207921,-0.9967767305204005,-0.8913043478260869,0.19806763285024154
1,51.5,0.06925207756232687,-0.3314669652855542,-0.6839309428950863,0.4791666666666665,0.6288659793814433,-0.7980198019801981,-0.9979734637110046,-0.37681159420289856,-0.57487922705314
1,62.4,-0.22437673130193903,-0.9999999999999999,0.21646746347941592,-0.8958333333333334,0.5876288659793814,-0.9722772277227723,-0.996168997923858,-0.9130434782608696,-0.033816425120772986
1,65.2,-0.9252077562326869,-0.940649496080627,0.9442231075697209,0.6875,0.7319587628865978,-1.0,-0.9782564024166994,-1.0,0.1497584541062802
1,72.8,-0.5429362880886426,-0.6842105263157894,-0.9521912350597609,1.0,0.9999999999999998,-1.0,-0.8772110438159654,-0.4782608695652174,0.3333333333333335
1,74.9,-0.9667590027700831,-0.8555431131019036,0.5112881806108898,0.958333333333333,0.9587628865979381,-1.0,-0.9305893084380958,-0.5434782608695652,0.41062801932367154
1,59.1,-0.1800554016620498,-0.9999999999999999,-0.5537848605577689,0.9166666666666665,0.9175257731958761,-0.9762376237623762,-0.9947794770269665,-0.47101449275362317,0.02415458937198056
0,82.1,-0.814404432132964,-0.13885778275475913,-0.4050464807436919,0.958333333333333,0.9999999999999998,-1.0,-0.3675135414975659,-0.8840579710144928,0.42995169082125617
1,68.0,-0.5096952908587258,-0.9742441209406494,-0.601593625498008,0.6666666666666665,0.6494845360824741,-0.996039603960396,-0.9900898394397061,0.2028985507246377,0.0724637681159419
0,83.1,-0.850415512465374,-0.8006718924972004,-0.15537848605577675,0.9375,0.9381443298969072,-1.0,-0.0999818931291554,-0.8478260869565217,0.4879227053140096
1,79.2,-0.9722991689750692,0.5419932810750281,0.44488711819389115,0.958333333333333,0.9587628865979381,-1.0,-0.5926265796689065,-0.9565217391304348,0.4975845410628019
0,77.0,-0.7562326869806094,0.5968645016797314,0.34926958831341315,0.6875,0.6907216494845361,-1.0,-0.5263636352075443,-0.9855072463768116,0.5845410628019323
1,73.6,-0.5678670360110802,-0.3236282194848823,0.3598937583001329,0.7083333333333333,0.6494845360824741,-0.9564356435643564,-0.9169094214433502,-0.7608695652173914,0.24637681159420288
1,66.6,-0.5457063711911356,-0.9910414333706606,-0.6361221779548473,0.5625,0.44329896907216493,-1.0,-0.9873185639072662,-0.16666666666666674,0.1690821256038646
1,69.0,-0.5734072022160664,-0.9496080627099663,0.17662682602921653,0.875,0.9381443298969072,-1.0,-0.9775936536780228,-0.5217391304347826,-0.17874396135265702
1,48.3,0.17728531855955687,-0.20268756998880166,-0.6865869853917663,-0.875,-0.8556701030927836,-0.6673267326732673,-0.9964002771110695,-0.4565217391304348,-0.3623188405797102
1,84.0,-0.7922437673130194,-0.08286674132138849,0.6865869853917665,1.0,0.9999999999999998,-1.0,-0.6267382282910616,-0.9492753623188406,0.6231884057971016
1,67.3,-0.35180055401662047,-0.9999999999999999,0.23771580345285526,1.0,0.9999999999999998,-1.0,-0.9367646156579956,-0.8478260869565217,0.41062801932367154
0,81.1,-0.8310249307479224,-0.22844344904815217,0.46347941567065076,0.9791666666666665,0.9793814432989689,-1.0,-0.06445137234658227,-0.9130434782608696,0.5169082125603863
0,72.9,-0.5761772853185596,0.18589025755879063,0.4236387782204516,0.9375,0.9381443298969072,-1.0,-0.8621728463774865,-0.7753623188405797,0.3623188405797102
1,76.4,-0.7673130193905817,-0.9036954087346024,0.6653386454183265,0.9375,0.9381443298969072,-1.0,-0.9496862147793367,-0.6594202898550725,0.1787439613526569
1,61.1,-0.13296398891966754,-0.9999999999999999,-0.4316069057104913,0.5625,0.7319587628865978,-0.8336633663366337,-0.9708452565003588,-0.5507246376811594,0.20772946859903385
1,75.6,-0.6204986149584487,-0.12318029115341533,0.14209827357237725,1.0,0.9793814432989689,-1.0,-0.7965077302456782,-0.7681159420289856,0.3623188405797102
1,64.7,-0.9418282548476454,-0.38969764837625975,-0.399734395750332,0.958333333333333,0.9587628865979381,-0.9564356435643564,-0.9858654757821281,-0.5072463768115942,-0.01449275362318847
0,78.3,-0.7867036011080333,-0.7737961926091825,-0.28021248339973437,0.9791666666666665,0.9793814432989689,-1.0,-0.6007252841392334,-0.855072463768116,0.20772946859903385
1,74.0,-0.6343490304709141,-0.5207166853303471,-0.899070385126162,0.875,0.8762886597938144,-0.9920792079207921,-0.9394226528425594,-0.9202898550724639,0.2753623188405796
0,82.0,-0.8116343490304709,-0.22844344904815217,0.40770252324037193,1.0,0.9999999999999998,-1.0,-0.3797194741670189,-0.9130434782608696,0.536231884057971
1,74.1,-0.5955678670360111,-0.9999999999999999,-0.17928286852589648,0.9791666666666665,0.9793814432989689,-1.0,-0.8382898731686164,-0.5,0.42028985507246364
0,81.5,-0.8421052631578947,-0.19484882418812977,0.4847277556440903,0.9791666666666665,0.9793814432989689,-1.0,-0.9114789355723989,-0.9130434782608696,0.5265700483091789
1,59.1,-0.12465373961218829,-0.7928331466965285,-0.548472775564409,0.7916666666666665,0.7731958762886597,-0.805940594059406,-0.9984705195765505,-0.4130434782608696,0.033816425120772875
1,69.1,-0.5069252077562327,-0.8992161254199327,0.07569721115537842,0.33333333333333326,-0.8969072164948455,-1.0,-0.9771599588883243,-0.8840579710144928,-0.024154589371980673
1,74.7,-0.9722991689750692,-0.8085106382978723,0.45019920318725104,0.8958333333333333,0.8969072164948453,-1.0,-0.4745422606499934,-0.6231884057971016,0.1690821256038646
1,74.2,-0.5401662049861495,0.9014557670772676,0.4687915006640109,0.9166666666666665,0.9175257731958761,-1.0,-0.968232771566312,-0.8623188405797102,0.5555555555555556
1,71.8,-0.5512465373961218,-0.5027995520716684,0.24302788844621537,0.6666666666666665,0.6288659793814433,-1.0,-0.960493017380043,-0.8260869565217391,0.11111111111111116
0,77.0,-0.5180055401662049,0.13661814109742454,0.32802124833997337,1.0,0.9999999999999998,-1.0,-0.9720321129189047,-0.7173913043478262,0.11111111111111116
1,72.1,-0.520775623268698,-0.3370660694288913,0.44488711819389115,0.7083333333333333,0.7113402061855669,-0.9881188118811881,-0.8998549581674047,-0.7681159420289856,0.2657004830917873
0,77.0,-0.5096952908587258,0.07614781634938406,0.35458167330677304,0.9791666666666665,0.9793814432989689,-1.0,-0.964367317787009,-0.7391304347826086,0.1594202898550725
1,62.1,-0.30193905817174516,-0.9999999999999999,-0.2934926958831341,0.875,0.9793814432989689,-0.9722772277227723,-0.9759917116186072,-0.5434782608695652,0.13043478260869557
1,47.8,0.5595567867036011,-0.38185890257558774,-0.2881806108897742,0.7708333333333333,0.7525773195876289,0.7267326732673269,-0.9507315640405548,-0.5072463768115942,-0.04347826086956519
1,74.2,-0.7285318559556786,-0.4064949608062709,-0.8831341301460823,0.958333333333333,0.9587628865979381,-1.0,-0.999438656501441,-0.8840579710144928,0.10144927536231885
1,67.9,-0.3905817174515235,-0.507278835386338,0.2642762284196547,0.4791666666666665,0.4639175257731958,-0.9405940594059405,-0.9625608451317595,-0.7536231884057971,0.06280193236714982
1,74.9,-0.5706371191135734,0.683090705487122,0.47941567065073043,0.9166666666666665,0.9175257731958761,-1.0,-0.7528823378025081,-0.8623188405797102,0.5555555555555556
1,68.0,-0.31855955678670356,0.45240761478163516,0.40770252324037193,1.0,0.9999999999999998,-1.0,-0.9786087832870334,-0.8115942028985508,0.2657004830917873
1,49.1,0.01939058171745156,-0.21612541993281065,-0.5112881806108897,0.25,-0.9175257731958764,-0.904950495049505,-0.9438426831587368,-0.33333333333333326,-0.17874396135265702
1,65.3,-0.5235457063711911,-0.9999999999999999,-1.0,0.6666666666666665,0.6494845360824741,-1.0,-0.9992623652112513,-0.7971014492753623,-0.2946859903381642
0,81.0,-0.7922437673130194,0.25307950727883544,0.5537848605577689,0.8958333333333333,0.9175257731958761,-1.0,-0.2987580138630881,-0.927536231884058,0.613526570048309
1,49.8,0.22437673130193914,-0.8152295632698767,-0.9654714475431606,-0.08333333333333337,-0.07216494845360832,-0.7742574257425743,-0.9917319619857424,-0.3695652173913043,-0.3429951690821257
1,54.0,0.37119113573407203,-0.04927211646136609,0.1394422310756973,0.5833333333333333,0.6494845360824741,0.10891089108910901,-0.9055130754271978,-0.8913043478260869,0.24637681159420288
0,81.6,-0.8337950138504155,-0.18924972004479268,-0.8645418326693226,0.9375,0.9381443298969072,-1.0,-0.3794606907016075,-0.9710144927536232,0.5748792270531402
1,76.6,-0.9695290858725761,-0.41545352743561015,0.6122177954847279,0.6666666666666665,0.670103092783505,-1.0,-0.9782298436365052,-0.8913043478260869,0.24637681159420288
1,48.6,0.21052631578947367,-0.360582306830907,-0.6733067729083665,0.5208333333333333,0.5463917525773194,-0.6831683168316831,-0.9996662225891941,-0.47101449275362317,-0.31400966183574885
1,63.0,-0.1745152354570637,-0.1522956326987681,-0.1925630810092961,0.6666666666666665,0.670103092783505,-0.7584158415841584,-0.9128999533879705,-0.9057971014492754,0.10144927536231885
1,74.0,-0.5789473684210527,-0.19372900335946242,0.01195219123505975,0.875,0.9793814432989689,-1.0,-0.8424947287275735,-0.7463768115942029,-1.0
1,64.5,-0.4016620498614958,-0.9720044792833146,-0.5697211155378485,0.6875,0.7319587628865978,-0.9801980198019802,-0.9993325619517051,-0.050724637681159424,-0.21739130434782616
1,76.0,-0.7700831024930748,-0.8073908174692048,0.42629482071713154,0.8958333333333333,0.8762886597938144,-1.0,-0.9434276441399243,-0.6376811594202899,0.2753623188405796
1,52.6,0.3462603878116344,-0.7681970884658453,-0.5272244355909694,0.5416666666666665,-0.8762886597938145,-0.4653465346534653,-0.9981051333339881,-0.5072463768115942,0.0724637681159419
1,74.5,-0.6011080332409973,-0.6080627099664053,0.26162018592297476,0.8333333333333333,0.8350515463917525,-0.9881188118811881,-0.9917629158262643,-0.8695652173913044,0.21739130434782594
1,72.9,-0.9612188365650969,-0.12318029115341533,0.1500664010624171,0.9166666666666665,0.9175257731958761,-1.0,-0.9875841831530837,-0.7318840579710145,0.5265700483091789
1,68.4,-0.4182825484764543,-0.7178051511758119,0.054448871181939085,0.5625,0.5463917525773194,-0.9920792079207921,-0.9737067888783733,-0.8985507246376812,-0.17874396135265702
1,74.3,-0.7562326869806094,-0.9910414333706606,0.7264276228419657,0.9791666666666665,0.9793814432989689,-1.0,-0.5815644386170268,-0.4565217391304348,0.468599033816425
1,46.2,0.7506925207756232,-0.6998880179171332,-0.28552456839309426,0.75,0.7731958762886597,0.1841584158415841,-0.9846145303475816,-0.39855072463768115,0.02415458937198056
1,64.3,-0.4681440443213296,-0.9339305711086225,-0.18459495351925626,0.6875,0.7113402061855669,-0.9920792079207921,-0.9968497972378327,-0.7173913043478262,-0.05314009661835739
1,55.7,-0.047091412742382266,-0.8477043673012317,-0.5245683930942895,0.7083333333333333,0.6907216494845361,-0.805940594059406,-0.9936955341576807,-0.42028985507246386,-0.01449275362318847
1,62.1,-0.27423822714681434,-0.7984322508398656,-0.9814077025232404,0.8958333333333333,0.8969072164948453,-0.8851485148514852,-0.9806399834717592,-0.427536231884058,0.0724637681159419
1,71.4,-0.4792243767313019,-0.28107502799552064,0.16069057104913687,0.4791666666666665,0.6494845360824741,-0.9089108910891089,-0.9993826616988873,-0.7391304347826086,0.18840579710144922
1,63.8,-0.27423822714681434,-0.7290033594624858,0.019920318725099584,0.9791666666666665,0.9793814432989689,-1.0,-0.99043664665149,-0.8333333333333334,-0.024154589371980673
1,62.0,-0.13850415512465375,-0.9820828667413213,-0.6679946879150066,0.9791666666666665,0.8556701030927834,-1.0,-0.987175042616649,0.3840579710144927,-0.2946859903381642
1,75.8,-0.6648199445983379,-0.38185890257558774,-0.896414342629482,0.7708333333333333,0.8556701030927834,-1.0,-0.9175157543880026,-0.855072463768116,0.24637681159420288
0,75.8,-0.6869806094182825,0.40537513997760377,0.5219123505976098,0.9375,0.9381443298969072,-1.0,-0.7726794186633422,-0.8768115942028986,0.3816425120772948
1,65.7,-0.5457063711911356,-0.9966405375139977,-0.42098273572377154,0.4375,0.44329896907216493,-1.0,-0.9788604999360817,0.4275362318840581,-0.2657004830917875
0,81.0,-0.7950138504155124,0.06270996640537518,0.5059760956175301,0.8958333333333333,0.8969072164948453,-1.0,0.026918969235370183,-0.927536231884058,0.8067632850241544
0,81.6,-0.8337950138504155,-0.32250839865621495,-0.8565737051792828,0.875,0.8762886597938144,-1.0,-0.9836568172453484,-0.9492753623188406,0.7101449275362317
1,76.2,-0.7506925207756232,-0.40985442329227306,0.405046480743692,1.0,0.9999999999999998,-1.0,-0.9917315918791089,-0.9057971014492754,0.20772946859903385
0,77.7,-0.7340720221606648,0.3863381858902577,0.6228419654714477,0.9375,0.9381443298969072,-1.0,-0.7722086620904951,-0.8985507246376812,0.43961352657004826
1,74.9,-0.7423822714681441,-0.8241881298992161,0.6494023904382471,0.5,0.6288659793814433,-1.0,-0.8529484441790919,-0.6666666666666667,0.28502415458937214
1,63.0,-0.260387811634349,-0.8398656215005599,-0.6892430278884462,0.375,0.38144329896907214,-0.9287128712871288,-0.993945845121495,-0.16666666666666674,-0.10144927536231874
1,73.1,-0.6204986149584487,-0.9473684210526315,-0.27224435590969454,0.9375,0.9381443298969072,-1.0,-0.9251161393353198,-0.33333333333333326,0.1690821256038646
0,78.6,-0.8227146814404431,0.45800671892497213,0.4183266932270917,0.9791666666666665,0.9793814432989689,-1.0,-0.5983788372842327,-0.9420289855072465,0.2946859903381642
1,57.9,-0.8975069252077562,-0.8297872340425532,-0.47410358565737054,-0.8958333333333334,-0.8762886597938145,-0.8693069306930693,-0.9937635831669736,-0.3840579710144928,-0.23671497584541057
1,75.2,-0.6177285318559557,-0.6002239641657334,0.3227091633466137,0.875,0.8556701030927834,-0.9801980198019802,-0.9914095228310105,-0.8768115942028986,0.2367149758454108
1,66.7,-0.4792243767313019,-0.9955207166853303,-0.593625498007968,-0.8958333333333334,-0.8969072164948455,-1.0,-0.9849313359752015,-0.21014492753623193,0.02415458937198056
1,52.2,0.011080332409972415,-0.9294512877939529,-0.5537848605577689,-0.10416666666666674,-0.23711340206185572,-0.8811881188118812,-0.9834783643565371,-0.3695652173913043,-0.2946859903381642
1,65.8,-0.3601108033240997,-0.9999999999999999,-0.15272244355909692,0.6875,0.6907216494845361,-0.8574257425742574,-0.903537551007838,-0.3188405797101449,0.11111111111111116
1,54.1,0.21883656509695304,-0.8633818589025755,-0.5590969455511288,0.958333333333333,0.9587628865979381,-0.5603960396039604,-0.9914334218547269,-0.5217391304347826,0.02415458937198056
1,73.7,-0.9556786703601108,-0.8510638297872339,-0.8884462151394422,0.9166666666666665,0.9175257731958761,-1.0,-0.953675197844562,-0.5434782608695652,0.30434782608695654
1,78.7,-0.7728531855955678,-0.035834266517357216,0.5033200531208499,-0.875,0.8350515463917525,-1.0,-0.7896050025457335,-0.9420289855072465,0.3719806763285023
1,73.6,-0.6509695290858726,-0.9384098544232922,0.2403718459495352,1.0,0.9999999999999998,-1.0,-0.9837522424262358,-0.4927536231884059,0.08212560386473422
1,73.0,-0.4681440443213296,-0.6080627099664053,0.11819389110225775,0.7916666666666665,0.7525773195876289,-0.9881188118811881,-0.9976169642283317,-0.8478260869565217,0.004830917874396157
1,66.6,-0.47091412742382266,-0.7547592385218365,-0.601593625498008,0.7708333333333333,0.7938144329896906,-0.9841584158415841,-0.9868422496008762,-0.21014492753623193,0.02415458937198056
1,74.9,-0.6897506925207756,-0.5699888017917132,0.24302788844621537,0.8541666666666665,0.8350515463917525,-1.0,-0.9744446199563882,-0.7753623188405797,0.12077294685990325
0,79.4,-0.8033240997229917,0.08398656215005595,0.44488711819389115,0.9375,0.9381443298969072,-1.0,-0.3022553043833387,-0.9347826086956522,0.5845410628019323
1,52.7,-0.07202216066481992,-0.501679731243001,-0.5511288180610889,-0.20833333333333337,-0.34020618556701043,-0.9287128712871288,-0.9971301159970505,-0.8840579710144928,-1.0
0,77.0,-0.9695290858725761,0.2933930571108625,0.3652058432934926,0.958333333333333,0.9587628865979381,-1.0,-0.9370657927211556,-0.9130434782608696,0.5652173913043477
1,63.8,-0.31855955678670356,-0.0671892497200447,-0.5351925630810093,0.875,0.9587628865979381,-0.9524752475247524,-0.9896680235004153,-0.5507246376811594,-0.01449275362318847
1,69.6,-0.554016620498615,-0.9999999999999999,0.02257636122177953,0.8958333333333333,0.9587628865979381,-0.996039603960396,-0.9981072948486968,-0.7463768115942029,0.09178743961352653
1,48.1,-0.889196675900277,0.0907054871220605,-0.5511288180610889,-0.1875,-0.44329896907216504,-0.7900990099009901,-0.9914244978928524,-0.02898550724637683,-0.21739130434782616
1,73.0,-0.9556786703601108,-0.49272116461366167,0.26162018592297476,0.9791666666666665,0.9587628865979381,-1.0,-0.9594715885571362,-0.8768115942028986,0.0531400966183575
0,79.1,-0.7756232686980609,-0.0033594624860020517,-0.8539176626826028,0.7291666666666665,-0.8556701030927836,-1.0,-0.632258028631145,-0.9855072463768116,0.758454106280193
1,68.9,-0.3961218836565097,-0.6786114221724524,0.18990703851261626,0.8958333333333333,0.8556701030927834,-0.9881188118811881,-0.9607775430515606,-0.855072463768116,0.12077294685990325
1,75.6,-0.6537396121883656,-0.06830907054871205,0.5351925630810095,0.958333333333333,0.8969072164948453,-1.0,-0.8630592313404224,-0.9347826086956522,0.5942028985507246
1,71.1,-0.6038781163434903,-0.5352743561030234,-0.42098273572377154,0.875,0.8556701030927834,-0.9683168316831683,-0.9703411220253181,-0.3623188405797101,0.09178743961352653
0,78.7,-0.7728531855955678,0.021276595744680993,-0.8698539176626826,0.6875,-0.8556701030927836,-1.0,-0.7168334173365998,-0.9855072463768116,0.6908212560386473
1,75.1,-0.6897506925207756,-0.9272116461366181,0.452855245683931,0.9166666666666665,0.9175257731958761,-1.0,-0.9066359854650434,-0.5797101449275361,0.3913043478260869
1,61.4,-0.9224376731301939,-0.9104143337066068,0.11553784860557781,0.5208333333333333,0.25773195876288657,-0.9524752475247524,-0.980246154803769,-0.9057971014492754,-0.14009661835748788
1,70.0,-0.407202216066482,-0.6763717805151175,0.2536520584329349,-0.875,-0.8556701030927836,-0.9920792079207921,-0.9558430031575674,-0.8695652173913044,0.19806763285024154
1,61.4,-0.3850415512465374,-0.9999999999999999,-0.5351925630810093,0.33333333333333326,0.36082474226804107,-0.9841584158415841,-0.9992957157913753,-0.2971014492753623,-0.4879227053140097
1,69.0,-0.3739612188365651,-0.9999999999999999,-0.545816733067729,0.10416666666666652,0.3402061855670102,-0.9801980198019802,-0.9930441664539204,-0.9347826086956522,-0.4879227053140097
1,72.1,-0.5373961218836565,-0.5599104143337066,-0.2934926958831341,0.958333333333333,0.9587628865979381,-1.0,-0.9141608227587104,-0.4492753623188406,0.2560386473429952
1,78.0,-0.96398891966759,-0.534154535274356,0.4130146082337318,1.0,0.7938144329896906,-1.0,-0.9216586605443773,-0.7608695652173914,0.42028985507246364
1,69.9,-0.6094182825484764,-0.9999999999999999,-0.6334661354581673,0.8958333333333333,0.8969072164948453,-1.0,-0.9873125169089658,0.36231884057971,-0.14009661835748788
0,79.8,-0.7673130193905817,0.12430011198208302,0.5989375830013282,0.9791666666666665,0.9793814432989689,-1.0,-0.9246984941972127,-0.9420289855072465,0.5265700483091789
1,59.2,-0.23545706371191133,-0.5811870100783874,-0.399734395750332,0.6875,0.6288659793814433,-0.9207920792079208,-0.9994631894542314,-0.4565217391304348,-0.06280193236714982
